temp_max,chuva,fds,consumo
32.5,0.0,0,25461
33.5,0.0,0,28972
29.9,0.0,1,30814
28.6,1.2,1,29799
28.3,0.0,0,28900
30.5,12.2,0,28218
33.7,0.0,0,29732
32.8,48.6,0,28397
34.0,4.4,0,24886
34.2,0.0,1,37937
34.8,3.4,1,36254
35.4,0.0,0,25743
34.8,0.8,0,26990
34.0,1.6,0,31825
32.8,3.0,0,25724
32.7,2.0,0,29938
35.8,0.0,1,37690
35.6,0.0,1,30524
36.5,3.7,0,29265
35.6,0.6,0,35127
30.9,0.0,0,29130
26.1,31.0,0,25795
26.1,3.6,0,21784
29.4,13.0,1,28348
30.0,0.0,1,31088
28.7,20.8,0,21520
28.7,1.2,0,29972
29.9,4.9,0,22603
29.2,0.0,0,22696
26.9,0.0,0,26845
24.3,0.2,1,27030
28.0,0.0,1,32057
26.5,4.5,0,24097
31.1,1.6,0,31655
23.7,3.2,0,24738
22.9,5.6,0,19950
25.4,18.4,0,22821
28.7,16.7,1,28893
29.5,10.4,1,29926
30.7,0.0,0,24062
29.0,32.2,0,21137
30.4,2.2,0,26805
32.7,0.0,0,26389
32.1,0.0,0,24219
31.6,0.0,1,30231
27.6,17.4,1,24968
27.3,22.7,0,25343
28.0,85.3,0,17399
26.4,13.4,0,21392
28.5,2.4,0,22922
28.2,0.0,0,24567
31.1,0.0,1,30943
30.8,0.0,1,30825
31.4,0.0,0,25692
31.9,0.0,0,26959
29.3,2.0,0,25366
30.3,34.4,0,22784
31.4,0.6,0,26241
27.7,0.0,1,26467
26.3,3.0,1,27475
29.2,0.0,0,28749
29.5,0.0,0,24146
30.5,0.0,0,22988
31.6,0.0,0,30300
28.5,0.0,0,22654
26.6,38.2,1,29090
24.4,69.2,1,24619
23.3,77.0,0,20016
26.9,9.7,0,23042
28.1,9.5,0,22933
26.9,1.2,0,22409
26.6,0.0,0,21281
27.9,12.2,1,28844
26.8,0.3,1,32872
29.4,22.4,0,20903
25.6,24.2,0,26275
24.1,0.0,0,20167
27.1,3.2,0,23628
28.2,7.4,0,24213
25.3,14.7,1,28631
22.8,1.7,1,25855
23.3,19.2,0,21406
26.3,0.0,0,21617
27.9,0.0,0,22401
29.8,0.0,0,27989
30.8,0.0,0,24974
29.5,0.0,1,29760
26.6,0.0,1,26116
25.9,18.6,0,25850
29.0,1.0,0,24925
27.5,0.0,0,21979
26.2,0.0,0,22116
27.2,0.0,0,24867
29.4,0.0,1,33450
26.4,0.0,1,32713
27.7,0.0,0,22356
20.0,7.1,0,21004
24.3,0.4,0,23362
25.6,0.0,0,20298
25.5,0.0,0,24862
28.4,0.0,1,30505
25.7,0.0,1,25070
25.7,0.0,0,22620
28.8,0.0,0,22001
27.4,0.0,0,23469
26.7,25.4,0,21735
27.0,37.2,0,21593
29.3,0.0,1,33822
27.2,0.0,1,28028
29.2,20.2,0,24304
29.0,0.0,0,31108
21.6,2.4,0,19113
24.9,14.6,0,23198
28.1,0.0,0,24388
23.3,0.0,1,27420
23.7,0.8,1,30479
24.9,0.0,0,21838
26.9,0.0,0,20812
22.7,0.0,0,19761
18.7,0.0,0,20452
22.0,0.0,0,17939
26.4,0.0,1,25272
26.3,0.0,1,28049
22.3,1.0,0,25317
20.8,9.9,0,21826
20.4,0.0,0,20680
21.7,0.0,0,19143
19.2,0.0,0,18146
26.1,0.0,1,25489
21.0,0.0,1,23537
20.6,22.2,0,16956
21.7,0.0,0,19052
18.9,2.8,0,17287
21.0,0.0,0,20300
21.5,0.0,0,20538
22.3,0.0,1,23702
22.4,0.0,1,28411
21.3,0.0,0,21073
22.9,0.0,0,24215
23.3,0.2,0,19525
25.0,0.0,0,20786
25.4,0.0,0,20429
24.4,0.0,1,27250
26.3,0.0,1,31387
27.4,0.0,0,26075
24.8,0.0,0,22162
27.1,0.0,0,24258
23.2,1.8,0,24683
21.9,7.2,0,21245
22.9,0.0,1,25937
18.4,5.6,1,26081
18.0,2.2,0,16228
17.5,0.5,0,20106
21.7,0.0,0,21055
24.1,0.0,0,22772
25.3,0.0,0,25142
26.1,0.0,1,31129
26.2,0.0,1,30498
26.4,0.0,0,26150
26.0,0.0,0,21327
26.2,0.0,0,22008
26.9,0.0,0,24615
23.5,0.0,0,22375
27.4,0.0,1,29607
27.3,0.0,1,32983
23.4,0.0,0,19119
18.1,9.0,0,21029
25.1,0.0,0,23898
26.2,0.0,0,24534
17.7,3.8,0,16748
20.4,0.0,1,23055
24.6,0.0,1,28857
24.6,0.0,0,23022
25.5,0.0,0,27146
18.0,3.8,0,17241
17.4,1.0,0,19463
20.9,0.0,0,21860
20.8,0.0,1,24227
21.8,0.0,1,27594
24.4,0.0,0,24863
25.1,0.0,0,20161
20.5,0.0,0,20824
19.9,1.6,0,19727
18.4,17.8,0,14940
21.0,15.2,1,24632
14.5,4.4,1,21294
20.6,0.0,0,18448
20.2,0.0,0,21237
18.7,4.5,0,19849
20.4,0.0,0,20740
25.4,0.0,0,25698
19.8,0.0,1,26691
27.4,3.0,1,33298
28.7,0.0,0,25640
29.3,0.0,0,23937
27.6,0.0,0,28742
25.8,0.0,0,21748
24.3,0.0,0,22032
23.8,0.0,1,24827
25.9,0.0,1,32473
25.1,0.0,0,20620
21.4,0.0,0,21825
16.1,0.0,0,14343
20.6,0.0,0,19029
25.8,0.0,0,21104
17.9,16.6,1,20738
22.9,2.0,1,25233
24.2,0.0,0,18975
24.5,0.0,0,19640
23.8,0.0,0,22522
26.7,0.0,0,24227
26.6,0.0,0,24726
26.4,0.0,1,32467
26.3,0.0,1,31663
26.9,0.0,0,25867
27.4,0.0,0,27724
27.2,0.0,0,22039
27.7,0.0,0,26127
28.9,0.0,0,26580
27.8,0.0,1,31310
26.2,0.0,1,33517
28.0,0.0,0,23181
27.2,0.0,0,24183
26.6,0.0,0,24594
28.1,0.0,0,22610
27.6,0.0,0,25479
27.8,0.0,1,29621
27.2,0.0,1,26272
28.0,0.0,0,22541
26.5,0.0,0,23070
28.3,0.0,0,26021
19.6,0.0,0,17655
22.1,1.0,0,23243
26.2,0.0,1,30177
30.0,0.0,1,27518
20.5,0.0,0,23210
20.5,2.4,0,21092
24.0,0.6,0,23357
19.8,2.6,0,17888
22.1,25.0,0,22217
26.7,0.0,1,31681
32.0,0.0,1,31833
32.2,0.0,0,28441
30.7,0.0,0,22389
20.2,0.4,0,20681
25.0,0.0,0,24222
19.3,0.0,0,19345
18.5,2.4,1,21827
19.9,0.0,1,23566
24.4,0.1,0,20227
19.2,23.6,0,17075
22.9,58.0,0,16977
25.6,0.0,0,21525
21.8,31.8,0,21454
15.6,27.6,1,21814
16.1,0.0,1,21252
22.5,0.2,0,20464
30.1,0.0,0,30775
32.6,0.0,0,25343
33.0,0.0,0,33930
34.5,0.0,0,26311
35.5,0.0,1,31836
33.3,0.0,1,34695
32.8,0.0,0,29829
33.3,0.0,0,26362
34.0,0.0,0,32589
35.3,0.0,0,30345
30.3,0.0,0,29411
24.9,28.6,1,29637
30.6,1.8,1,32184
23.6,27.2,0,17731
27.1,0.0,0,24114
27.6,0.0,0,28034
26.4,7.6,0,22664
32.7,0.0,0,27488
25.0,25.0,1,24876
21.3,0.2,1,24862
22.4,0.0,0,24679
24.7,0.0,0,22304
32.6,0.0,0,30329
34.0,0.0,0,33182
29.0,0.0,0,23849
28.0,0.3,1,33330
30.0,0.0,1,34496
29.6,0.0,0,26249
27.6,2.4,0,26523
28.5,0.0,0,26793
35.8,0.0,0,35861
35.7,0.0,0,27387
29.2,0.0,1,32666
19.2,0.1,1,22199
27.2,0.0,0,24000
35.3,0.0,0,27871
32.0,0.0,0,31139
22.8,14.6,0,23065
27.3,13.4,0,26594
21.2,0.0,1,27657
19.2,0.0,1,26594
28.5,28.4,0,28084
28.4,0.1,0,27582
23.9,0.0,0,24862
24.8,0.0,0,22634
31.2,0.0,0,31649
29.3,0.0,1,35781
22.4,27.2,1,24429
27.2,39.6,0,20648
25.6,3.4,0,22741
27.4,6.8,0,21479
24.8,39.3,0,23134
22.8,0.0,0,20575
20.0,1.2,1,24330
23.9,0.6,1,28610
29.5,4.4,0,28456
31.8,10.4,0,27964
32.7,0.0,0,29569
