temp_max,chuva,fds,consumo
31.8,0.0,0,29267
29.6,0.0,0,28647
30.4,16.4,1,26836
29.7,8.0,1,29386
24.9,0.0,0,24609
29.7,0.0,0,26964
30.5,14.1,0,23614
30.4,0.0,0,22960
27.0,6.8,0,20332
24.4,7.2,1,30392
28.8,0.0,1,31933
23.6,13.6,0,21662
22.6,7.0,0,21689
24.8,0.4,0,25119
27.4,0.0,0,25285
28.4,0.0,0,28979
29.8,0.0,1,34382
26.0,17.4,1,30617
23.3,23.4,0,20238
25.8,0.0,0,24529
29.4,0.0,0,30471
26.1,0.0,0,28405
29.1,0.0,0,29513
30.6,0.1,1,32451
28.0,0.1,1,32780
23.9,47.8,0,23375
28.0,0.0,0,27713
27.9,0.0,0,27137
27.7,0.0,0,22933
30.3,0.0,0,30740
30.8,0.0,1,29579
31.0,12.2,1,29188
32.5,2.0,0,28131
32.8,4.0,0,28617
24.8,1.5,0,21062
28.7,0.0,0,24337
33.5,0.1,0,27042
31.3,1.3,1,32536
29.0,8.4,1,30127
29.1,27.2,0,24834
32.4,43.0,0,26828
32.4,3.0,0,26468
31.5,3.4,0,31572
31.0,39.0,0,26308
29.8,94.8,1,21955
28.2,13.6,1,32307
26.7,0.0,0,26095
24.1,10.3,0,22309
22.4,6.3,0,20467
29.0,0.0,0,22446
